%2
x = 10:10:80;
%a)

u=x(1:2:7);
v=x(7:-2:1);
w=x([3 4 8 1]);

%b)
x1 = x;
x2 = x;
x3 = x;
x1(1:2:7)=0;
x2(7:-2:1)=ones(1,4);
x3(1:3)=[];

